



1674










1218
251


1902





















































216
1950


1793





1513















1582


























486

1170








































399



1414


1043	1138































1881


1371




1697


458




1218



1510



722

757

656


2064






1683















1475




265


1249





2027


711























1153






340


1940



















837	1608

471






1117



















891








1019

1082
309


























558















1669












1965
















557










812




































725	930







250

1519
510








































1127



1182







2081

1271


448



1229












547


























542










383






























1912









1851


























919

















421	1397


384


391













1039


























513































































457
































611




1010













































908









2075

1591







































646









1885









1004


































1962

431







































1922







2076
860

1759




802



480











































1421







1781



905



1731


398	950



1231

























1483

367




254




425














1998


673

1243















1168












1505







2021
















































563	740







1259

791
















1777































288
1973

1460	1581







1809





459




1676










274










1828












































140









579


1830

















1679





976	1181














1301






840


1712














226










1321















1027
168

1158



1371

1644
































561

















1232



















1964
1164















































































1134


1038

692




1790

508	1473













317























1741

862




851
241


1244





1811
357



1058









575
























381	1197






































1989
1778










692
1708





























1619









2097


1398












201







636






865






955






































144












1929













813








1084












2015










1376














710












1124	1474




431



























104















377







725




1906





1571









1239

902









1286















861
460












833
















189

751


981

1238





498





1396










691






393

1686



863























1675



897












223





2048


































1785
473





2072


1392


1133
649







1092
1285


553


387













1278








694


1184



1035
211	227



301
















1787


1630



1114



651













589























617



1529



















1041





786




1947


1722
















1677
1624

1635

1553








361




231




249










1691
260	410


1857



















744

658














857














1960




1440




762







199



















1887	1900






278	634


1530
























1639


1739







1016

1647
291	423




390

1176
524

































1199

1968





200










































1381













515




1366














659









587



1085


































409


























1877

1705


1631








559


1720	2032

1530






1555




1165



597



1997






















1139








1583


1963
304	1196




2041
1488










262










136








1451




















































1899













493
1026























496	613



1869











161



307
164
1394






















1541


















1728




663	1642















637




2037



2083

1607





712

376






1921




1482
















1758








1575







293










1522
1226








958

773	824




1925




























215	1785



















1292





269

478





















1422





657











477















754





630





1152	1625


1176































































1499






1144























1771

470














1380











2007












1122

525









1905












600


1474



297







1582

852



648




























778

864











325

1129










1268







1395


764







1893
368







































1100



497


























1066





















959




































1213



1361















178



1605
1696









1281










1457
1936


















1311











752


314











705









1141





326





















238


1019	1648






1393

2036



1162



1850



















940
884



726
























1256













352	857



















1836














1984






1649




986




521





















1926
412


















1717




























1388


















745
















165













1267
1886
















1412

1228








1504




















277
















1494	1527

1901











139







1062











1211







158











1991










586







505









1351









1010












687
342
1483

1595








1885
947

1944
1333















591


1339








114


1124




423





























665















218


207
1761
1098














1070


870

















639


1451












665
















535


2089




1174
1024

1095


1045












881


166










1561
522



774











238

921
1374



644
508



1042
















1789
186


1432


















1002

1598






503






1672















1172



1532
1838





1117










1430


1254







1216	1861

2022
645











1632









328


1143










1951























1030



























418













1177
504


1431

1046















2035








1703








1520

















629









1567


















596



612











1103


159

1770


590


















120

















1647

239









1253


103




442


















1629
1163


263


1061	1621



































1753














1725


533




















931
































1429


1206






















369







1508
621









1093	1276













809



435










1722





514

2077



























224











212

2087






529

1497































168


1692

204	1756












1179






1230

918


1191
1662


1754



152	491






















660






1397






1786

























2006
























797








































1743






























1813


1654
















1511










710
571











1215


670


399















427


1437


494











1890
2082







204	565





1919













1441	1859

1566







674	1427


1079




1417









1018



















1748














840


1667


1444


1173
















583


1171


921











1123	1433





818




1608
























1365


1454












747




















1102
1699














1069









293













175






599


















592





858












1133























392

990










1880












1011














1801



432	1873








1201



1157

















248







290
568

185




























































































677	681
























1137




1989

















1670









1987











1977


















1242








906






775

















1370



























1556




812











1833











822








1257


























782



1796













1346













834


1763











1055


























277
















1518










2002


1343


1533
335











1458










1709



1784







499
693



1779








817




211
855





















1131












1808






1007


276
282

712
1713









1847






1084




1747



382


1212

1718



1225









1534






820









1842








549









524
1393
1092

































975










403







896





1108	1561








721


558	866







552

1007











1467





1154





















903









1824










1665








956



134

























146






















2076






1187













1878






936
























792


400
























2080






1956





380











1755
374

























273


947










1496

1147





853


1101

































925


1006




















803



























150




1426








776



















1935





















482

















378










708









457



1456

904





1166










717







2091








1013






























1266

















544

































2034














700





738


1855



836











115
1626














2090




605







1338













640

648





































585





1737









922

2053
























1938





1148

1949










1797



915










1998






























1758

920






1867














1832









1847

















574






881










1302




































244


















1464
261





971


1284







1493


































566



















1515
















666














































1237	1671




1622













2052




879	1991






1704





948















598














2069


















































856





580
604
















356


577
1452




















105





1149















1340



















574



















502



945

1303










132	1618





























1445






2066

2049











1278

































931

























1999


















1524











344





















1646







972




1223













1044


































2077
228


582	2045





1214

1364







1760






1311






















1199



779




1247


831










1160






















820



1671





472








984









1875















1023














1617







1189
1568
441















991




















1680

141


























1185








1967


1825












933


















































135



1322










1640




709

751







595













1299




























501








182	305







1020

























406	421








2082



682

















726



306








1909





1873


1945
358












1616












1164






2026







823

1576











552
1601



2053





348
1615	1640

1829





631









1121

















1775




















327

946

616





1018













136























585





1539



























925
1028






















2095


1652









749




1419
1381














1881


378








2027







659








890












1128







769














1459	1507










1211





1515



1044



1314





727






850























1587









































578











429





























1524



266






538



281






































250





929







486













1690





















1802









1113










1678







481




















1983
1544
416




723







1602











599	1482


















724











1585






















1153



339



















1990




1757



1560





1197








1845

















326
















253






1034






124



1933



353











1387





































243


















736


























1724
419






182	217


















1653

1107















1969

1858








1985













1643
531




1175






917







705

















1651









1450



















163

1439



2051
1434





1348



187
2079




















156



















375


363


619










1577




1167




554






899	1233


1238

1716


910















696





1400




635












1641

770










1462




919


567















1373


135

























380




















550





1517



1628





672





1862

















1018	1609









1012









1463


1753











1891

839


1950
























1673




























209





324

















626
1878









645



































727















1013






1277












1567










637

































1598
















118


















1071



1963










1479
















1875

264





1920


192















110







1414

535










623









992





1132

386


1035	1994









767














430









332































190


















1390























214















1264














239

































830
691

















1089
232



















462


258







1405












2096

















757	1791










































387




1198


627


1448


944










1261










1149









1563




334














1876
















953













1803






923








1961




1693




995



283





805


1342












341




















































386


101




















1705	1962
















1819
2047


1151





1555



242

642

973
1236




















































829













371



610


2097

































516







847



































354


162




1765
1532






617

2084






978








414









1568



449	646
2037
1993






1749




























































2093

1511
982






802










208
732




893


























411









1486










1306






374












911








1283


395













1424

















1938


1856








1877

1623













1409







934














1088






898
1491









1922
2030
























1940


1420

534

145

































192	750

















1400
















829






1870
1367





885




1929
1410




















375




111












1427



















878















1206



































422	1790










190




968






















1569

1775






























1589



798


402









1088














120



















381






2086










1050












1067








1022	1469




1687
327







1161

1550












695


1623







1331






647



1732





























1063





1655









1186



























320





602



225


218






1106













952

439


































297









1872
1119




563




763





821







630



823


686


491




255
237
1889










1446








488	1396







765









701









718























1657


1130










714







464



289










333











170





1573
1931






2009













1939











2060
183
439


1180
1442


117






































546






1305
1139





1064









301


1495

1526















608







1774




952








1296


1359






























237
184






697





















1898

407	900

1120


































1959


1584

277












1309




































1125

969








1221









1778

644




1588



1185





1788









1820
965
716
411

1140


1352






1955





1810





467


729
793
564
2003

1032
1250
























958


1141














1564





2044













1816






















1906

























485



442











2045








1413




123








461














999























248





764




962
























1512



1300



512

















668







1344























































281










963

1286
1966



2001



1800

















1328



741




111






1701
1819











852





1723









158




771






















1751

776












169



1369


1418	1538
877

































928



1307

1542






2019

















1966











1490







856























1227



















1707





270




1437




112






1038





1423
















1746


458




2088
































1685















1796











308	1080











1487













1090
771





627










1846
1586







1318








957








427









316




1709












2062


545






598










1210










1470
513











1280	1737






1357

















444

















1099






1994


295
1315









476


484

1733


























1721










360


363





























1219
511









674



1869


296




























1302
1792















596


632







1782

















138


















433







1379




















1200




916

1313
























248	1927
1812








1999







628
























661




1664

149









1047



523










207











640













551


















1617	1911

913






























1265

1653








1282


126








































541






1385



1639


1633















728







2081






















2042













150




991













1179




130













1355	1545



604


1817







1350

1317






532









394

1466


526

2012







1054
1918




















1260
257









1772




720

1871



193

1252











212



















1284







106	756


1543

1839

1934








2085





1209

















631




1205










1209











440










































556	2070










199

834	1300






1097



1942



884









1818

































1870












841


















543	1103




397
















832




















451
568






838	1136






















318
785
388

988





865
















1981

838
















264	1689

1952





















974







832



1826







1274






398





789


490
































309

1459

1613






1468













1424


314


1664















1852





















1042	1310























268	337








1470















1840











130



1752













1235
















1619



























739




1822



























1464









1021
1367




1298














1546

























1674








848








684



849































1864















987










319




1995


2055
















1390




654
269	473









1866




905


460






698









































1293
366

396





962

465




1729







1462






1739

1815






527




























1377









1748







1138
































384


1924







1151










1500











1513




















372






183































129	1577










1065
1192



632








315	638

842
909

1491

















































1688































957












937















819







171


1353
1166













1492


1319




1118





1552







1204












664
























448





176	229
155






826















1695


1203











1332










































1363




















































1974



































405
157


















2024

















1345


























1905
1710






1360



1295
1547
1548


1217
898


1802








476
















1435


1593


































1913





1625


465


970






















1145







364







1083

















1558


















426






466












548
312









174





























1500	1917
1606

















906	1537







365








246




1607






































364






























1714

1202
171
























973





359


1860

964












325


1913




487


1057
























871





































810












2022






247

1792




















1420





1314


1823







1003
470








455




2005























1314




1312


1883


1404










1612







257

1115





997




680




1666	2056








































1667




















704












1450

1614

















2018




1362






698























298


















1831
1499


951





















1803










1110



1509













980




1818





















































605

1485


1322	1449
























704











1837
































807


1160

1853



502









408
519	2029


1094
1562

































1435












2061






1961


827




413


450












702









496






483




676






2061


528











606









694
811




1334





1076


290






























1547



650



















1296	2019

395








1267

1732
1799


920

474



1194








967
652





914

1809



404
875








373






891


999






1192



1012















1246






553




1763


796




1356


1663


















338















1953


804




















835


782












1835







1977	2031

828







1834

























1251

















520















900
1068


























1245
1337


2011




1526


881












897







1388




888	2095





1331


1957











1248








1370






1445













1557



923




1198




1091












1779
2043











1887





2075







113









215
1783
688






1457








1590




1711

139








1440































2072























1279







1347










331







1453



















845







2100








1079











1405
1471































206







































1060








1554











959







256









872


1465















846















1502




620










922







1700











1150


342









452










844







1747









1599
1009









1651




























160








1917
437



1294


787












1593








455

1453



200
588















1208

1541




1773






















1621


1609















1261	1489






667



















1987


1678





984














267




954





2071














1972












217


814















790	1601

796





















































1146

















653























1680	1756











1015

























































500











1478











807

679




2000

625






635	1596


































1879


1022







1918






















1224
1031


479







501




1975

1654
1272

1644





1899


742










1000










345


































1254





1806




1844












1501
















685







955














1890

1870









1888



2018
927












1161


472






2068








1255






















141

420


1418



1384






1308








2014



195






108	1269



1993




1402




















321

729
1949
2058










1275
1093
























1731







1442


1589


















1289




















1398

2090


























352













316



892






541








1630




825


843


1702


















1025

302

347








744
























511
1369	1559

584







1925
1436

479













1896

784















1004















1782
1571












1691











215


















1764






1986

1599
















1852
1660





469

1425

846
2067














131
1916
















1814









114


1911












348






1927
1280













107








1793




1827






592



1784









1600
1898









1943
1892



799












1863




737



1089
























312

1357



1866





570	1772

















862



415







106




1196












1563
















889




566


639	943


































1105


























989
1360



















385


1947







349










241
















1263










1897




1301









1815





1865








1348



1986






370






985





195








530










1927












1681




518
560
1668









1740




167	1579






240	504



966









292








356

1603













699



220
















2020
588














1068




1672



















924














1110



























353














2039








1323








602	2089



1142

784


600





1034



343





1175
2033


949

886







371
350







1053	1786









































102



1834











358





740	1984








731

1856







1219

142







1540















1659





















193
428






















1383
1242



1183


























853









1946







979	1086





























1120





124




1207
930







2073







1350
1498

1964

703




956








1549





684





1380


1575

842




882





288





















697


1780
128




1766












































1168










































379


































1575





2064




1152











2067














































1429






1753
1650

1043





932




2014



















1964







1769

830	1535






603

555


998








1169




























































1712



1892
















105








1291
1889



761
1570








196











1262






























468








1529









1113


1096








1000
197	401
755




1932

















161
234



1055
871

462














1126











333


1591




997







437	1030











743













1614
311


1243

















1884





1564

547


1941










509


1447


















946








926



























1175













1795




















1597





1762





170	1354


1056
























451	525












467	514


663







153




252




503	1178








1706









159



908




713
2028






























1326




464
1596




1600








1742

1658
529














357






1220








1768
1017

641











1188



1768










137

1252





















1307









1486


















1710

1528
1041












1235












1001


1305


824
733

2100







127



























1271












1886



















234
























143
















540	942


1729










1798









284




1407




2050











907




1895


1620




246
1037





388















801





2057







373



















944

















911	1912



















346


1556












268










1914



















758























151

1629




1170

















219
2010



507
1924










998

1719
1982



2086








1183



121






1536









2059













1755





























179

























1114











2074
1498


1764

1066


517	833
1349






213














1497


313
















664

























1750




1150
1446















1145







226














113




224


1303
528







522























1241

337	1078











1694






















825
706	1026






1547	1861





1455





























1871



1416





















1744























1245















147







146









1868










1403
1631

















446
1385
1464












939


205





1156






1985






























332

696














261




1783







174





283


1472










1324





873


164


477
1576
















221


1501

















1897























855








1893
660









593


1951





1904
1780










1637









1086







1638

995




1383












1148


















480













707













1376
1320









1578




994



364































539















453








572

































689




983





2008













355	876
















1067






1363







614


895



1477







1065









713






181	357






















806


2087










530




















1876












1771









816





















732




















1059










935











1798



1959



















663





































699
















351


































1921


















254

609
612


564


















299








1195
















544





209





1581






1872













1200














1146













1011












1570



733	1142




709	1461	1829










2092




445









1481




516



















222	786

753












953








1770



1109





















2016



1602















































1626



492































1372



482




























419

















505




284


1401








222


230











339











231







580











1147














1566


861

977


1661


1740






1048	1316



























271










434	1542

873

































303






1518


















746

1675














1519








1711







178
981




1955
1605










255




989



























506



572
986


1232














138








750

1438






678




264


1083












913	1677



188











581



















1843



















1107


















194



















1979

1948









1372











322
109










433




1558
1668



447


1024















362





1251	1522
























2015









1240











429
1697






















1165





























687














1052



1173









734










1295
1952

1087











808






1891




290



















1270

































1656






894









765























607



















1248

438













2025
154









1476






























772















456
642











389












1574






1269






259


















432























1029



611


1327








1299







538

1144
1135


1730





























1620






116



1919















562






















615	1406


























1613








971

1706







1536













275

1368





















643























940







428





2062


759










887










492
196





1244








938


1650




1923















2073
1155	1235








388






549





1930
1039


323

1868






1533






1431


1276






























901















202













1980





















652
















240



















1315



619










128
1193




533



1694














251










454


644









1807

















330







1487


527













1812






1051


589





148










1980

463



732
760






450







1627




1970





1111




1338







410


























485




1386




649
























703	1659

1263





1114




2047




1378


























1313

279


1126
794

383

1014


228



620


























208








2021





1930




198	2078


2051
1198







361



521




1358
1606



1115




230




1944
























131





1908







1958





1797


768

280













1379




1840





176	1636

360
1020




766








1882


768














1224	1596

1734













396	730










444

























1746







2017















263



















1972






329







571



310	1228




409







2080

1204
1565


1807



220





1736



792



1192
1312

493






















































1410
1738















417









1056
1158






















422














1200
















1637





996
1592	1673
1412


774	1767
















937









966








835































2039





1525










1465




643







112




















1029












2065












154






















717








2035



1359















1023
























1683









1469


























1816










2048




















1715












1572





927






2007


559







747






1336

















814	1920	2016





2063


402



















449






723
424




1721




































1557



661
1805




1502












780




































917






1419



2094




499







1992













1645



700




1979






1720








1230







1774

























1077









601	850







810









1505


1479












1804







1325
















315	683


1064
1289

1255






















1001

























717	1531







555






























1666

270
























198


1610







179

1960












273

1306	1394
1078








435


391














899





789


















813
















1132










1506













394






1776

517











1551









1072

1727
1157



1727
1684
1769























536













2004







967


408	2016



655









742







1287
1061








1060	1325













1273






































880











1045












1791





601









1492









1512







1049







795










512






























436












1559

2046




1580
1100











235



1090



























839





1216










1699
916


































478

1099






1489




961




843

2033



1990





























545

392





133























404



716






748













883














1075



245

















1900	2054








365




180




715







1969





1163	1480









1428












1517





1406





2059

























551








1403





145





1304






















1374














2043
926



1848



599
993




























1272


















































1642






















859	1828










1411






1373











































675




































1767















163	1159
739
534















1523







1411





























































2038




115
347


670
















741

1036


























745
1943

























1841


























































1865
416

1335



221













336







1537

156






1443





393


















616

735
1353


2092




1549













1997












618

680
1341

1047















721
1101



1871












1076





















275



1907







157






























1507
1428	1806



1260







1290







1735


























1521







1391


1789




102





206







1234







1073

1854










594












1894



1443

















1096









223

















1503








340




















205


629






587	1118


1883

1915










127











561






210





180




1981

1288













1409








551

















1382



1836










879


1588
155










1978






324







125













983


1902









1190

























783












2040



266

1143








2004

1081	1516


2056




1572













144






454


329















928




403

































425	1074























487






















1490





678






1800
1171

















1127















866






1841

















412














1123







1765




















1033









1098	1932







236





749








489































941


466


















1813










1040


172


633











1281














854









1053









804
















1838





1347



1484


1611


780









772
1375
1984






675




938







979




1821












1910
889
2036

1941






1384
689


1031








1349


















1297



1008





















1358
1886















1946





440










































1050































1676








669













1493






1323
























271	1399
1334








822


1372
























245

1956


















147































213	1167
1478




1545

1237

917	1205

















242








2054








313	671












1703






1317









1074






1481

1046

















1517















935





















1190
1690
























594






















806


1595

1622








1688















117


335
1910	2013




138





































788











1573















1604















515












550








597








































349
2006














1728


304







759



945


































355
287
1485

169
681







1330

























1063
1461












2091






1527
279













623
912








1914



777


285








2099




1268
















233















2008





1624











1794







125





1389

2098


1075

1634
















826








639












1514
746




1438
573	1070







1948





760


351



1319






1033

















1628



















1974




























1808




1907
























132








682





203

692

1860















1954



718
























1081





1234














1102









1996


















1965

























1844
1128

662



























1738








702


1002









2012

1279























615





1137






























1080	1408
1362

300

525




















622










295






1903
1288

436	1845





1382

167




1970

185

1745













1616






























537






1723



1112














1749


1842




1504

















405









1544








1988





